[gd_scene load_steps=9 format=3 uid="uid://ppmtomreu0ry"]

[ext_resource type="Script" path="res://scripts/LandingPad.gd" id="1_m80kx"]
[ext_resource type="PackedScene" uid="uid://poa6t705dksv" path="res://scenes/player.tscn" id="1_sv6m3"]

[sub_resource type="ProceduralSkyMaterial" id="ProceduralSkyMaterial_8rrs5"]
sky_horizon_color = Color(0.64625, 0.65575, 0.67075, 1)
ground_horizon_color = Color(0.64625, 0.65575, 0.67075, 1)

[sub_resource type="Sky" id="Sky_ljvvj"]
sky_material = SubResource("ProceduralSkyMaterial_8rrs5")
radiance_size = 2

[sub_resource type="Environment" id="Environment_5p67o"]
background_mode = 2
sky = SubResource("Sky_ljvvj")
tonemap_mode = 2
glow_enabled = true

[sub_resource type="StandardMaterial3D" id="StandardMaterial3D_x8fm2"]
albedo_color = Color(0.68, 0.476907, 0.2992, 1)

[sub_resource type="StandardMaterial3D" id="StandardMaterial3D_galcd"]
albedo_color = Color(0.495, 0.495, 0.9, 1)

[sub_resource type="StandardMaterial3D" id="StandardMaterial3D_pbbtw"]
albedo_color = Color(0.495, 0.9, 0.495, 1)

[node name="Level" type="Node3D"]

[node name="DirectionalLight3D" type="DirectionalLight3D" parent="."]
transform = Transform3D(-0.766044, -0.642788, -4.48698e-08, 0.526541, -0.627507, 0.573576, -0.368688, 0.439385, 0.819152, 0, 9.12345, -13.1844)
visible = false
light_energy = 0.7
shadow_enabled = true

[node name="WorldEnvironment" type="WorldEnvironment" parent="."]
environment = SubResource("Environment_5p67o")

[node name="Floor" type="CSGBox3D" parent="." groups=["Hazard"]]
transform = Transform3D(1, 0, 0, 0, 1, 0, 0, 0, 1, 0, -4, 0)
use_collision = true
size = Vector3(30, 8, 5)
material = SubResource("StandardMaterial3D_x8fm2")

[node name="Wall" type="CSGBox3D" parent="Floor"]
transform = Transform3D(0.957229, -0.289333, 0, 0.289333, 0.957229, 0, 0, 0, 1, -13.7692, 7.4134, 0)
size = Vector3(4, 10, 4)
material = SubResource("StandardMaterial3D_x8fm2")

[node name="Wall2" type="CSGBox3D" parent="Floor"]
transform = Transform3D(0.649129, 0.760678, 0, -0.760678, 0.649129, 0, 0, 0, 1, -13.7692, 13.0085, 0)
size = Vector3(4, 10, 4)
material = SubResource("StandardMaterial3D_x8fm2")

[node name="Cellling" type="CSGBox3D" parent="Floor"]
transform = Transform3D(-4.37114e-08, 1, 0, -1, -4.37114e-08, 0, 0, 0, 1, -6.10624, 15.3178, 0)
size = Vector3(4, 10, 4)
material = SubResource("StandardMaterial3D_x8fm2")

[node name="Cellling3" type="CSGBox3D" parent="Floor"]
transform = Transform3D(0.315798, 0.948826, 0, -0.948826, 0.315798, 0, 0, 0, 1, 3.80944, 17.7495, 0)
size = Vector3(4, 10, 4)
material = SubResource("StandardMaterial3D_x8fm2")

[node name="Wall3" type="CSGBox3D" parent="Floor"]
transform = Transform3D(-0.805018, 0.59325, -8.25953e-08, 0.59325, 0.805018, 2.86566e-08, 8.34912e-08, -2.59306e-08, -1, 18.1912, 6.82334, 0.291681)
size = Vector3(4, 10, 4)
material = SubResource("StandardMaterial3D_x8fm2")

[node name="Wall4" type="CSGBox3D" parent="Floor"]
transform = Transform3D(-0.866426, -0.499305, -7.78883e-08, -0.499305, 0.866427, 4.18972e-08, 4.6565e-08, 7.51909e-08, -1, 20.0653, 12.0952, 0.291681)
size = Vector3(4, 10, 4)
material = SubResource("StandardMaterial3D_x8fm2")

[node name="Cellling2" type="CSGBox3D" parent="Floor"]
transform = Transform3D(-0.334958, -0.942233, -8.23726e-08, -0.942233, 0.334958, 2.9283e-08, -3.82137e-15, 8.74228e-08, -1, 13.6658, 16.8211, -0.583363)
size = Vector3(4, 10, 4)
material = SubResource("StandardMaterial3D_x8fm2")

[node name="LaunchPad" type="CSGBox3D" parent="." groups=["LaunchPad"]]
transform = Transform3D(1, 0, 0, 0, 1, 0, 0, 0, 1, -8.74764, 0.2, 0)
use_collision = true
size = Vector3(2, 0.4, 2)
material = SubResource("StandardMaterial3D_galcd")

[node name="LandingPad" type="CSGBox3D" parent="." groups=["Goal"]]
transform = Transform3D(1, 0, 0, 0, 1, 0, 0, 0, 1, 10, 0.2, 0)
use_collision = true
size = Vector3(2, 0.4, 2)
material = SubResource("StandardMaterial3D_pbbtw")
script = ExtResource("1_m80kx")
file_path = "res://scenes/level_2.tscn"

[node name="Player" parent="." instance=ExtResource("1_sv6m3")]
transform = Transform3D(1, 0, 0, 0, 1, 0, 0, 0, 1, -8.74764, 1.4, 0)

[node name="Camera3D" type="Camera3D" parent="."]
transform = Transform3D(1, 0, 0, 0, 0.978148, 0.207912, 0, -0.207912, 0.978148, 0, 7.5, 11.2)

[node name="OmniLight3D" type="OmniLight3D" parent="."]
transform = Transform3D(1, 0, 0, 0, 1, 0, 0, 0, 1, 0, 5.61347, -4.08237)
light_color = Color(1, 1, 0.317647, 1)
light_energy = 2.432
light_indirect_energy = 2.441
shadow_enabled = true
omni_range = 17.393
